Anastassiou_GA	21310590
Andrasik_F	22644187,23835878,23835878,24867848
Ashida_S	21518923,20829577,21562055,22208416,22569765
Baker_DL	10818461,10818477,10982820,11256963,11355863,11562440,12069841,12069842,12069669,14687668,15007093,16290140,16263282,16321982,16782709,18036821,19075574,19345587,20005724,20041668,20349977,20566326,20705243,21047298,21051230,21393252,21465666,21967734,22177013,22539227,23000541,23360450,23816044,23793291,23360450,23793291,23793291,23816044
Bargagliotti_LA	12483813,12674916,19789005,22044047
Beck_JG	19187819,18986792,19679301,22036001,22137464,23602945,23773670,24491201,24515535,24507632,24325891,24491201,24515535,24491201,24491201,24507632,24325891,24325891,24507632,24325891,23602945
Beck_ML	8999000,11430485,15521425
Berman_JS	2200072,7962877,17115431,18729566,20552533,22757590,24635588,24635588
Bhagat_SP	17062503,18669125,19085399,20667604,20813158,24333175,24504791,24333175,24504791,24504791
Biggers_CJ	11430485,11482007
Blaha_CD	18435424,18521007,19964298,19862686,20370804,20566377,21354763,21212937,21638338,23717269,18435424,21638338,23436049,23912914,21638338,22978678,18435424,23912914,22978678,24291572,23436049,21212937,24291572,24307139,24307139,23717269,23912914,22978678,22978678,22978678,24307139,24307139
Bloomer_RJ	15199226,15467097,15903362,16286671,16287370,16700404,16700405,16775552,16888457,17365751,17503877,16949870,17915021,17996062,18053183,18272931,17925054,18614956,18727988,18991599,19004186,19144121,19175919,19246436,19266389,19374756,19440401,19490608,19656409,19691834,19910649,19915509,19604133,20046641,20046644,20048485,20209464,20424403,20435279,20459623,20533241,20633266,20663187,20815907,20869634,20885188,20975107,20976096,21041812,21040582,21092212,21310080,21414230,21414232,21981968,22030947,22080324,22074365,23946662,23946660,22257640,22433080,21921823,22778558,22966414,22525774,23013531,22971786,23882143,23882144,23882145,23882146,23368826,23935371,23302756,24113700,24090077,23424215,24090077,24090077,23424215,24139127,24139127,23860285,23860285,24139127,24139127,23302756
Bridges_SK	17162487,19815476
Bridson_PK	9708335,10856427,19345587
Brown_MP	9382959,9809548,10200816,10477719,10979977
Buddington_RK	18356743,20089192,20089840,19887854,21239667,23365359
Buder_EH	12002869,12825655,14700387,16102666,17509829,19399665,20370038,23550164,17509829,20370038,23550164
Bumgardner_JD	16872671,17356373,17350089,17295230,18421540,18431614,18443893,18161778,18257055,18306307,18698626,18985785,19072977,19441116,19105225,19309240,19904740,20091922,20185170,20524196,20352389,21278528,21691602,21311397,22042623,22337563,22588505,22696151,22997172,23683039,23359414,23128039,23564543,23564543,20524196,24561265,23128039,24504748,24561265,24323703
Burchfield_DC	15853034
Burkey_TJ	11457323,12911233,21780751
Campbell_CJ	10670580
Cannito_MP	8123241,9210119,10028039,15072525,15611398,16102666,18488884,22209057,23177751,24440058,24440058
Carr_GF	21994894,22595336
Chambliss_HO	21295433
Chen_H	11948805,12366869,14506117,15140649,15473905,16045491,16030144,16103179,16371421,16494709,16783639,17176581,16452988,17093131,16794562,17494564,17525252,17478730,17652402,17551542,18337407,18466321,19546402,20202080,21886604,21745336,21796102,22832735,22553361,22937166,23249388,23439407,23665904,24044743,23681157,24397210,24397210,24289793,24465966,24289793,24465966,24289793,24289793,24289793,24289793,24289793,24289793,24147868,24289793,24289793,24289793,24289793,24289793,24289793,24289793,24289793,24289793,24289793,24289793,23681157,24289793,24147868,24465966,24526113,24526113,24526113,24147868,24526113
Chung_K	10708983,11853259,14761201
Cohen_R	2675542,8151492,8706508,17302355
Cole_JA	17350089,17706764,18492598,19255421,19441116,19520084,19904740,20091922,21145320,21311397,22042623,22337563,22448239,22588505,23168047,24025197,24312526,24312526,24025197,24312526,24312526
Cook_MN	17629744,18535899,18599253,21533042,22359631,22832735
Coons_LB	2501073,2758940,2307068,2261820,2033618,1906886,1639570,8082985,8082986,8663513,10673347,18492598,19520084,21145320,23168047,24025197,24025197
Cox_RM	3669633,3678650,3352247,3169400,3183202,2470629,2739387,2601312,2307301,2359275,2065837,2065838,1956197,1768881,1397752,1421456,8445118,8405731,8126654,8194677,7987021,7789669,8972444,9360862,9562536,9921721,10466567,10976498,11324844,11599877,11808725,12467365,12467367,12918615,14620610,14655953,15692301,16295230,16377990,17496667,19692903,20166313,20890203,21522068,22555183
Cox_RT	12683538,17186836
Dapremont_JA	21417190,22416544
Dasgupta_D	17535140
Dass_C	2980330,3203147,3065264,2530186,2485178,2329143,2265678,2069984,24242174,1578365,8381675,8135347,8148404,7951986,7579627,8622556,8799262,9357302,9423281,10328759,10503775,11746901,11948845,12535692,15329851,15568184,18417761,18162166,19486879,24248903,2329143
Dwiggins_DP	16179755
Dwyer_WO	7779317,9635264,11285688,15600220,22617863
Eckstein_EC	15897824,17551771,18487359,19209342,20505243,23663823,23663823
Fagan_TK	1567089,10916865,22272790,22272791,23245497
Farhat_TR	18844370
Ferkin_MH	8918678,10627072,15386011,15811390,15580367,15961129,15979110,17032583,16876967,17112551,17449071,17653778,18809407,22884977,24197276,24197276,24197276
Floyd_RG	17029499,17905802,22272790,22272791
Franceschetti_DR	12030456,23673031
Freeman_DA	15518639,16731660,17214872,17272662,17663594,18078937,19060259,23735498,24246377,24246377
Fujiwara_T	19597595,20018369,22537225
Furxhi_O	20648126
Gartner_TK	3686020,3347927,2530646,1708172,1716370,1953789,1805450,1376310,8367834,8017785,7865680,7874438,7498451,8663513,9230107,9268349,9610758,11127863,15348024,11583324,11895777,12446460,12871512,15613029,15701721,15985541,16788103
Garzon_M	16454496
George_EO	7662840,9192447,9271889,9802058,10589779,12516961,19126641,21533142,23282414,23172863,23747569,23747569
Gir_S	3372547,3235465,8734060,8867897,9654392
Gire_E	23673031
Goodwin_SB	19126641,21812005,22395315
Gould_HJ	2744260,2302813,1783238,1783239,1581589,1601198,1474232,8471788,11012236,11797810,15243567,15895790,16977489
Graesser_AC	7938337,15012477,9628746,10875171,15354683,15354684,15354689,16532856,17695347,21635287,21585474,22082403,23288660,23288660
Griffin_ST	1750696,1416038,1294005
Haggard_WO	17350089,17295230,17549032,18421540,18431614,18443893,18161778,18257055,18306307,18985785,19072977,19441116,19105225,19309240,19904740,20091922,20185170,20524196,20195806,20352389,21278528,21691602,21553170,21311397,22042623,22337563,22588505,22585351,22696151,22997172,23683039,23359414,23529635,23604649,23128039,23564543,23564543,20524196,23128039,24504748
Hammond_KG	19175919,19374756,19656409,20706156,20815907,22362088,24090077,24090077,24090077,24149748
Hochstein_JI	20857320
Homayouni_R	10571240,10460257,10801432,11716507,12877983,15131130,15308538,15917516,16260146,16517601,16783639,16824496,17175356,17905926,18500935,18715197,21193550,21533142,21570130,22165960,22916119,23282414,23326475,23544116,24523945,24523945,24523945,24523945,24307139,24307139,24747564,24307139,24747564,24307139
Hsueh_Y	12096759,15022668,17302355
Hu_X	8872900,10633986,10495804,15272087,15354689,16494500
Huang_X	12573572,21232787,21571150,21606305,22806589,23360450,23360450,23763633,23763633
Hyland_SE	10119071
Iftekharuddin_KM	13678357,16051042,20357846,21216716,21571610
Irwin_CC	19651995,20591098,21910272
Jackson_GT	15354683,21635287
Jahan_MS	1655797,7633386,18465824,24372056,24372056
James_RK	10182421
Jarmulowicz_LD	12081392
Jennings_JA	19904740,19784662,20091922,22585351,22997172,23604649,23128039,23564543,23564543,23128039
Jia_C	20717549,20579132,22285084,21995872,23208297,24350553,21995872,24350553,21995872
Jones_LL	21553332,22487722
Kahane_JC	2396812,16223575,18488884,24440058,24440058
Kennedy_ML	8999000,15074608,15521425
King_D	23201271
Kitzmann_KM	10645740,12699028,16475666,16756393,17520455,20063940,20224488,21309377,22261216
Kozma_R	12946201,15011280,15940987,15920663,19003514,18541494,18850928,19045505,19375277,19395236,20370038,20374923,20452297,22438713,22386785,23506947,23548329,20370038,24465287,23506947,24465287,23548329
Kreuz_RJ	9628746,21752357
Kumar_S	19597595,22893700,23632206,23867031,23737530,24078857,23805066,23955390,24451403,24078857,24466368,23955390,23737530,23737530,24466368,23737530,23737530,23737530,23737530,23737530,23737530,24451403,23737530,23737530,23737530,23737530,23737530,23737530,24528264,23737530,23737530,23737530,23737530,23737530,23737530,23737530,23737530,23737530,23737530,23737530,23737530,23737530,23737530,23737530,23737530,23737530,23737530,23737530,23737530,23805066,24528264,23955390,23955390,23955390,23955390,23955390,24929605
Landis_RS	24263549,24263549,24263549
Laradji_M	15260708,15267870,15549947,15600888,16375505,16711778,17286503,17411159,17614586,18205524,18266459,20095710,22181443,23534606
Larsen_D	19601428
Lease_SH	18689197
Lee_ET	21869062
Lee_ST	22416544
Lennon-Dearing_R	23094613
Lessman_CA	1511729,8095443,8118412,8082985,7498451,9223249,9440235,11550276,12568348,15602881,16998847,17293149,18243062,19027744,21111223,21932435,23351173
Levy_MC	20502356
Lewis_G	1920103,1803330,1520827,8419628,10148345,8193568,8000290,7820238,7841291,7881333,8580537,7655320,7670208,10155683,10155682,8727501,8761521,8986356,8986357,9086418,9178743,9262828,9262833,9283967,9408575,9429999,9457382,9447513,9656922,9678858,9690838,9713682,9730062,9830992,10081590,10081592,10674174,10847969,9916773,10331907,10349287,10634961,10682734,10721746,10950202,11074435,11108214,11202145,11205441,11564901,11870653,12122238,12186736,12209888,12446945,12419630,12504534,12615483,12652024,12775904,12808608,12853262,12861599,14568431,14643616,14741608,14757951,14757952,15046933,15156111,15241148,15368230,15683656,15786447,16179755,16088898,16196037,16443619,16446596,16470815,16929440,17075167,17075171,17264384,17377218,17400099,17022057,17034013,17041926,17133450,17483892,17245745,17512808,17588247,18408259,18240274,18395829,18437712,20740458,18823020,19489013,20799168,19878906,19655232,19946736,20195806,20211575,20857320,21263181,21337311,21504058,22071983,22566484,23529635,23851927,24072371,24046084,24046084,23851927,24072371
Li_Y	8063411,7666082,8876343,9293545,9816097,9241084,9256121,9308134,9815701,9885063,10216862,10881620,11239008,11431691,11710663,12081277,12083779,12083780,12163014,12216758,15582151,17037668,17530944,17530979,17597497,17452975,17914460,18978618,19255421,19276078,19633665,19878906,20213011,20195806,20211575,21263181,21337311,21241819,21245407,21819244,22185058,22255206,22155630,21664060,22287236,22898373,23014531,23079152,23357075,23474114,23583981,22287236,23014531,23079152,23583981,23673874,23903538,24023061,24205299,23903538,23357075,24205299,24205299,23583981,22287236,23583981,22287236,23583981,24269800,17914460,22287236,23583981,24269800,22287236,23583981,22287236,23583981,22287236,23583981,22287236,23583981,22287236,23583981,24023061,24553141,24553141,22287236,23583981,24023061,22287236,23583981,24023061,22287236,23583981,24023061,22287236,23583981,24023061,22287236,23583981,24023061,22287236,23583981,24023061,22287236,23583981,24023061,22287236,23583981,24023061,22287236,23583981,24023061,22287236,23583981,24023061,24553141,24553141,22287236,23583981,24023061,22287236,23583981,24023061,22287236,23583981,24023061,22287236,23583981,24023061,24269800,24553141,24553141,24023061,24703847,24023061,23673874,24705251,24703847,24784377,24626721,23357075,24832453,23357075,24703847,24832453,24793032,24269800,24553141,24553141,24793032,24269800,24705251,23474114,23474114,24705251,24784377,24553141,24553141,24553141,24553141,24626721,24705251,24705251,24705251
Li_YS	8525495,8625950,18966921,10910993,11058051,11145329,11209863,18968805,12736065,15036105,15350910,15820902,16165048,16529989,17029940,17157552,17631042,18060831,18722154,19110464,19464230,20452273,22925916,23314214,24673902
Lightsey_OR	24524434,24524434,24524434,24524434
Lindner_E	21662874,10815946,11219738,11293706,11605836,11913867,12199575,17279784,18371638,18217742,19117449,19209342,19459602,19459603,19925010,20162156,20449577,21907022,22384926,22900668,22997172,23327940,23327940
Liu_AC	22692217,23052244,24699442,24699442,24737000,24737000,24737000,24699442
Louwerse_MM	15354683,15354684,18792513,21585463,19818435,21564257,22984793,23033971
Magun-Jackson_S	15152847
Malasri_K	20058488,22454585,20110207
Manning_WH	2779213,1571581,9519388,15769496,21080293
Marchetta_JG	23077496
Maziak_W	15804687,17553700,17943865,18058352,18154601,18236217,18324571,18778388,19091776,19420278,19662333,19833991,20348109,20888700,21185126,21168300,22251765,23210001,22140149,22882805,24629480,24629480
McClanahan_BS	11402253,11749100,12137176,12423190,14985686,15118194,19366790,19922056,21041593,21924381
McDevitt-Murphy_ME	20104586,20533646,21198220,21198224,22370431,21864834,22808885,22809894,23261489,23707832,22809894,22809894,22809894,23707832,22809894,21864834,23261489,21864834,23261489
McNamara_DS	14979818,15354684,15354687,21702827,17695347,18697660,19001391,19587179,20236240,20702866,21287126
Mendel_LL	8216473,14756234,14964327,18056880,18821223,19418708,21812631
Menifield_CE	15962916,18717205,19209565
Mishra_SR	11853259,14503406,14613218,15685611,16430143,16430144,17034013,21133120,22806589,22962754,23761262,24245119,23761262,23763633,23761262,23761262,23763633
Mitchell_CO	8110107,9022525,20502356
Mittleman_G	1498829,8102851,8415946,8415947,8248385,7870913,7965779,8619004,8883818,8919008,9079779,9588683,10512580,11087960,12824812,14574231,14622233,15064920,16737467,17127134,17438141,18435424,18599253,18625330,20566377,21106823,21354763,21212937,21638338,23717269,18435424,21638338,23436049,23912914,21638338,22978678,18435424,23912914,22978678,24361287,24361287,23436049,24361287,10512580,21212937,24307139,24307139,23717269,23912914,22978678,22978678,22978678,24307139,24361287,24307139
Murlasits_Z	22643135
Mzayek_F	17553700,19429574,22251765,22140149,23967276,23967276
Nakazato_T	21622430,21613087,22711557,23652565,24152303,23652565,24152303,24152303
Neely-Barnes_S	18271608,18426257,22106547
Neimeyer_RA	2200072,10115708,10122685,8473576,10133100,8535385,10169714,10182421,11503667,11503671,11326770,11641878,11725416,15129688,15802260,15965935,16594456,16610156,16972369,17115431,17484697,18680886,18680889,18729566,18698614,18608311,20533646,22322690,24479182,24482851,24482851,24482851,24501835,24501842,24501858,24524587,24524589,24524590,24479182,24482851,24563928,24520890,24520890,24520890,24517523,24520890,24520890,24520890,24520890,24520890,24520890,24520890,24520890,24501835,24501842,24501858,24563928,24517523,24524587,24524589,24524590,24738824
Nolan_VG	20564409,21370418,21376314,21621662,22184380,22669471,23940101,23940101,23940101,23940101,23940101,21621662,22669471,22669471,22669471,22669471
Okwumabua_TM	24258927
Oller_DK	17197504,17882695,17509829,20370038,20643944,22363421,23550164,17882695,17509829,20370038,23550164
Ourth_DD	3678558,2916996,2286064,8395989,8116220,8166704,8607795,8617274,10327605,10651803,10818267,12031477,14516780,14516781,14672693,15207720,15351237,16111657,17950622,18937980,19552965,20362634,21741202
Ozdenerol_E	16076402,17164825,18373868,24284356,24284356,24284356,24284356
Parra_GR	16111833,16836476,17428616,19778753,20099939,20188297,20303635,19966315,23983087,24277769,24277770,20099939,24277769,24277770,23983087
Parris_MJ	15235903,18709388,20135192,20413792,20557202,21949824,22038058,22228138,22912890,23671564,24068468,23671564,24259231,24068468,24259231,24068468,24632489,24259231
Perry_EH	2330232,2196354,2213390
Petersen_RL	11939773
Pezeshki_SR	15092943,11291454,14565695,15523563,16542750,24832223,24832223
Pichon_LC	23718961,24350205,24350205,24350205,24350205
Pinkhassik_E	18353645,18677728,18781782,18803206,19225653,20162156,20030340,20820521,21541422,22073931,22384926,24096032,24096032
Preza_C	22109208,23515865
Qi_G	10906686,10951363,12186736,12487709,12763441,15478141,16088898,19946736,20857320,22071983
Ramanathan_C	23052244,24699442,24699442,24737000,24737000,24737000,24699442
Relyea_GE	7866467,11317146,11834110,15574080,16649874,17037668,21041593,21420791,21995872,22542293,21995872,21995872,23494245,23494245,23494245,24805885,7866467,23494245
Richardson_S	7633844,8640174,8845391,11877664,12028035,14663279
Roach_RR	1452959
Roan_E	18487359,20887022,21052853,21873445,22357948,23728969,24289040,24289040,24289040,24586773,24586773,24289040,24289040,24586773
Robinson_LA	2200072,9256567,9291216,9386994,9468748,9776004,10093167,11817912,11875175,11927240,12188589,12234646,12243134,12507532,12628622,12649054,12959793,14645937,16766422,17116517,18056143,20154054,20484215,21576307,22275324
Rosenthal_DA	18311327
Ryan_TD	19651995,21910272
Sable_HJ	19344642,20933596,23912914,23912914,23912914
Sabri_F	22448239,23077496,23251378,23799093,23799093
Schilling_BK	12423184,14636100,14666943,15903361,16440505,16700404,16888457,16939158,16888042,17194241,17530944,17530979,17915021,18076276,18614956,18978618,24149464,19175919,19374756,19568030,19656409,19691834,19915509,19560392,20048485,20459623,20508464,20706156,20976096,22080324,22220922,22228173,21921823,22525774,23198525,22362088,23882146,22643135,24090077,24090077,24090077,24149464,23860285,23942165,23860285,23942165,24149748
Schoech_SJ	12647137,15555498,17152932,17498715,17647272,17624348,18604561,18756528,18938168,21665835,19595691,19879277,20164081,21328560,21291887,21295036,21827761,22902378,23970442,24096038,24096038,23970442
Sharma_A	11023662
Simco_BA	2354764,1505724,1391325,17950622
Simmons_CA	8335880,20069936,19875673,22071094
Simone_PS	17723407,19854344,19932810,23225994
Singh_WM	21999861,22095876,22539227
Skalli_O	23251378,23791210
Smith_TL	9726195,10488296,11762746,15175597
Speros_CI	21791267
Stevens_SE	16348455,1554423,1622235,8524070,8525495,8625950,8663513,9383558,9450315,17483165
Strong_GD	22273451
Sutter_CH	12424897,12516961,16371450,16460856,18256205,18416522,19126641,19255421,20110207,20819910,20971184,21835898,22395315,23152189,18416522,18416522,12424897,18256205,23152189,23152189,23152189,24451036,24451036,18416522,24451036,24451036,24451036
Sutter_TR	12424897,12516961,16317079,16371450,16460856,16783644,16893557,18056439,18256205,18416522,19226664,19126641,19255421,20819910,20971184,21812005,21835898,22395315,23152189,18416522,18416522,12424897,16893557,18256205,19226664,23152189,24452678,23152189,24452678,23152189,24451036,24451036,18416522,24452678,24452678,24452678,24451036,24451036,24451036
Swihart_GH	18968805
Taff_GN	18373868,24284356,24284356,24284356,24567875,24567875,24284356
Taller_BJ	16347830,16666691
Tan_TE	12763441
Tan_WY	3691427,2919242,2134503,8431645,7696819,8614755,8875162,9433062,9727296,10204388,10942785,20406446
Taylor_JP	20020773,20028791,20147319,20104022,20869592,23493702,23455423,23498974,23455423,24507191,23455423,24507191,24507191,24507191,24507191,24507191,24507191,24507191,24507191,24507191,24598546,24507191,24507191,23455423,24507191,24507191,24507191,24598546,24507191,23498974,23498974,24686783,24686783,24686783,24686783,24612671,24686783,24686783,24857366,24612671,24920614,23498974,24686783
Thomas_JD	18649812
Thorn_SA	23369772,24161840,24161840,24161840,24161840
Van Arsdale_RB	15973405,17186836
Van Oteghen_SL	9885063
Wang_J	8593806,9553040,9632756,10666565,11044454,11703427,12356825,14585359,15043220,14729487,15114364,15143167,15711545,15774028,15772094,16122728,16300398,16371421,16439620,16518820,16783644,16777074,16861741,17006453,17195418,17213195,17407642,17610435,17652402,20528444,18257977,18794032,18768390,19670997,19668213,20525272,20621865,20500223,20859256,21209884,20967502,21289118,21555290,21561393,21666668,21775150,21272533,22237106,22237022,22399586,21712147,22404326,22287236,22608389,22807675,22664645,22546549,22722829,22783954,22771129,23023863,22410804,22948160,23153540,22495373,23295467,23399083,23570431,23547728,23583981,23512697,22287236,23153540,23636155,23583981,23936323,23062785,23706653,23759673,24332040,23062785,23759673,23759673,16439620,23759673,16439620,24249714,24249714,23706653,23759673,24332040,24332040,23295467,24382416,23295467,24382416,24332040,24382416,23583981,22287236,23583981,22287236,23583981,22287236,23583981,22287236,23583981,22287236,23583981,24332040,22287236,23583981,24332040,24249714,22287236,23583981,24332040,22287236,23583981,24332040,22287236,23583981,24332040,22287236,23583981,24332040,22287236,23583981,24332040,22287236,23583981,24332040,22287236,23583981,24332040,22287236,23583981,24332040,22287236,23583981,24332040,22287236,23583981,24332040,24249714,22287236,23583981,24332040,22287236,23583981,24332040,22287236,23583981,24332040,22287236,23583981,24332040,23936323,22287236,23583981,24332040,24382416,22287236,23583981,24332040,24623800,24703847,24332040,24382416,24623800,24382416,23547728,23547728,24778017,24703847,22664645,22771129,23547728,24623800,24778017,24778017,22404326,22404326,24703847,24849969,24778017,18768390,22237106
Wang_L	15200120,15738272,15798219,16273546,16837578,18559668,18812459,22454585,20210845,22438713,21988161,23175803,23665904,23761262,24085430,24397210,24416236,24397210,24416236,24416236,24416236,23175803,23175803,24416236,24693236,24693236,23761262,24656772,24693236,24656772,24085430,23761262,23761262
Wang_Y	8730848,8760209,9221791,9277554,9530230,10600909,10216176,10713671,10725919,10766342,10969787,11058051,11145329,11424010,11923343,12736065,12752376,14638773,15303958,15303959,15450299,15456272,15342783,15890360,16165048,16113113,16270364,16439519,16494500,16834385,16921170,17245433,17286503,17411159,17229814,17029940,17761473,17606613,18033300,18054784,18177895,18198174,18541255,18627125,18482983,18538941,18722154,19201841,19464230,19804728,19954222,20360386,20150895,20411959,20728895,20889712,21199866,21358637,21465666,21723158,22195833,22231518,22308391,22294697,22375007,22654657,22504954,22697488,22619174,22692217,22806589,22421965,22937741,23665904,23752611,23766510,16113113,19804728,22195833,24014478,23153112,24282297,22421965,24282297,24386191,24386191,24397210,23766510,24386191,23766510,24416236,24152303,24397210,24416236,24416236,24386191,24416236,24282297,24386191,24282297,24014478,24416236,24014478,20360386,20360386,21358637,24559646,23153112,24633226,24559646,24633226,24633226,24559646,23763633,24633226,24849969,24152303,24443090,24633226,24014478,24152303,24443090,24282297,23763633
Ward_KD	8667568,9086692,9170768,9290861,9874912,10405680,11114688,11402253,11683532,12053437,12137176,12423190,14512063,15118194,15129927,15804687,15917035,16675003,17096622,17553700,17943865,18058352,18154601,18236217,18324571,19420278,19833991,21185126,21168300,22251765,22542293,22140149,22882805,24629480,24629480,24805885,24642592
Wark_DJ	7628173,7659208
Washington_G	16635942,20506863
Webster_CE	17521191,21780751,21999861,22539227,24007383,24202867,24202867,24007383
Weiss_LW	10721510,11317146,11710663,11834110,12741885,14636099,15144358,15574080,15903361,16440505,16700404,16939158,17037668,16888042,17530944,18076276,18978627,19568030,19560392,20508464,20706156,22228173,23198525,22362088,23860285,23860285,24149748
Whelan_JP	2331976,2348029,7789347,7567674,8907097,9564130,12079253,15023094,16536667,17219080,17347884,20972823,23276321,23494245,23494245,23494245,23494245
Wierdl_M	9721871,10718335,10945631,11431344,11431345,12538824,12869632,14967028,16009044,16107154,16985062,17210679,17378546,17399985,18188187,18721110,24332040,24332040,24332040,24332040,24332040,24332040,24332040,24332040,24332040,24332040,24332040,24332040,24332040,24332040,24332040,24332040,24332040,24332040,24332040,24332040,24332040,24332040,24332040
Williams_JL	2478036,2215090,2171806,7692741,20104586,21284587,21284590,20462737,22033871,22808885,22771153,23026251
Williams_NA	19836688,19797406,21057255,21305350,22261216,22342450,22882115,24277769,24277770,24277769,24277770
Wong_T	23969239,24430612,24430612,24430612,24641623,24641623,23969239
Wright_PM	16383104,18065060,22420819
Wrobel_S	22838058
Wu_Q	21796102
Xu_L	12516961,16824496,17175356,17905926,18500935,18715197,19126641,21193550,21533142,21570130,22916119,22651236,23282414,23544116,23360450,23360450
Xu_Y	8969170,11279025,15007093,16529989,22871113,24840202,24840202
Yeasin_M	17877806,18366599,22931688,24400521,24400521
Yen_M	16817653
Yu_X	20649590,22285084,22653076,23154551,23129514,23910633,23129514,24266949,24266949,24266949,24266949,24266949,24266949,24266949,24266949,24266949,24266949,24266949,23129514,24721817,24636044,24721817,24636044,24636044,24721817
Yuan_S	22109208
Zhang_C	12228768,14613914,14984253,15007093,15238996,15044192,15271661,15504976,15681847,15897359,16051453,16024570,16373608,16717106,16679391,16844918,17322172,17525252,17478730,17823285,18343091,18602022,19011046,18799160,19709640,19738398,20705243,22994182
Zhao_X	21999861,22095876,22539227
